 idx        a       e0        p0        SNR             overlap        mismatch     N_sig    N_tmpl
----------------------------------------------------------------------------------------------------
   0  -0.9000   0.1000  13.06738    20.0000   0.999999992774729    7.225271e-09   7889537   7889537
   1  -0.5000   0.1000  12.18452    20.0000   0.999999991941174    8.058826e-09   7889537   7889537
   2   0.0000   0.1000  11.08540    20.0000   0.999999990583738    9.416262e-09   7889537   7889537
   3   0.5000   0.1000   9.98764    20.0000   0.999999994778522    5.221478e-09   7889537   7889537
   4   0.9000   0.1000   9.08680    20.0000   0.999999996225592    3.774408e-09   7889537   7889537
   5  -0.9000   0.2000  13.12256    20.0000   0.999999991474542    8.525458e-09   7889537   7889537
   6  -0.5000   0.2000  12.21834    20.0000   0.999999991410096    8.589904e-09   7889537   7889537
   7   0.0000   0.2000  11.09743    20.0000   0.999999990747776    9.252224e-09   7889537   7889537
   8   0.5000   0.2000   9.98382    20.0000   0.999999994942625    5.057375e-09   7889537   7889537
   9   0.9000   0.2000   9.07414    20.0000   0.999999996233765    3.766235e-09   7889537   7889537
  10  -0.9000   0.3000  13.18643    20.0000   0.999999990220221    9.779779e-09   7889537   7889537
  11  -0.5000   0.3000  12.25535    20.0000   0.999999989505553    1.049445e-08   7889537   7889537
  12   0.0000   0.3000  11.10593    20.0000   0.999999989948993    1.005101e-08   7889537   7889537
  13   0.5000   0.3000   9.97067    20.0000   0.999999994746283    5.253717e-09   7889537   7889537
  14   0.9000   0.3000   9.04844    20.0000   0.999999996785302    3.214698e-09   7889537   7889537
  15  -0.9000   0.4000  13.25045    20.0000   0.999999988337656    1.166234e-08   7889537   7889537
  16  -0.5000   0.4000  12.28824    20.0000   0.999999988488663    1.151134e-08   7889537   7889537
  17   0.0000   0.4000  11.10422    20.0000   0.999999988686455    1.131355e-08   7889537   7889537
  18   0.5000   0.4000   9.94154    20.0000   0.999999994333672    5.666328e-09   7889537   7889537
  19   0.9000   0.4000   9.00301    20.0000   0.999999695715944    3.042841e-07   7889537   7889537
  20  -0.9000   0.5000  13.30272    20.0000   0.999999987557156    1.244284e-08   7889537   7889537
  21  -0.5000   0.5000  12.30587    20.0000   0.999999987157182    1.284282e-08   7889537   7889537
  22   0.0000   0.5000  11.08166    20.0000   0.999999987017593    1.298241e-08   7889537   7889537
  23   0.5000   0.5000   9.88568    20.0000   0.999999656550816    3.434492e-07   7889537   7889537
  24   0.9000   0.5000   8.92698    20.0000   0.999999994137338    5.862662e-09   7889537   7889537

======================================================================
SUMMARY (25 points)
  Mismatch  min=3.2147e-09  max=3.4345e-07  median=9.2522e-09
  Overlap   min=0.999999656550816  max=0.999999996785302  median=0.999999990747776
